Iteration= 1 
gamma= -3.33455 -1.170016 -2.178573 -3.373091 -2.020891 -4.142148 
time_gamma 150.592 
beta= -0.1109535 -0.4762723 0.009086013 0.1120248 0.2985413 0.006492974 0.2287132 -0.2873582 0.05691418 -0.7443135 -0.1812936 0.3442655 0.2395133 1.166974 
time_beta 240.513 
loglikelihood= -1305.025 
Iteration= 2 
gamma= -3.354323 -1.086176 -2.454893 -1.689388 -7.840923 -0.5555973 
time_gamma 134.764 
beta= -0.1097872 -0.4782197 0.004737452 0.1164526 0.2975436 0.008914947 0.1975865 -0.2834066 0.05873562 -0.7287088 -0.1603039 0.388246 0.2509602 1.161912 
time_beta 161.781 
loglikelihood= -1299.422 
Iteration= 3 
gamma= -3.410864 -1.087295 -2.48379 -1.583017 -8.272652 -0.4484629 
time_gamma 70.089 
beta= -0.1085847 -0.4771731 0.004796104 0.1164902 0.2972057 0.009280889 0.1954244 -0.2801534 0.06137819 -0.7136487 -0.1447992 0.4036401 0.2516943 1.160884 
time_beta 124.951 
loglikelihood= -1298.994 
Iteration= 4 
gamma= -3.456614 -1.104144 -2.489767 -1.597739 -8.278327 -0.473144 
time_gamma 69.01 
beta= -0.1075177 -0.4757225 0.005055934 0.1163283 0.2968769 0.009330605 0.1951371 -0.2770505 0.06412251 -0.6988267 -0.1299969 0.4177561 0.2518118 1.159982 
time_beta 124.869 
loglikelihood= -1298.654 
Iteration= 5 
gamma= -3.500459 -1.122831 -2.492803 -1.626355 -8.247894 -0.5066897 
time_gamma 70.452 
beta= -0.106519 -0.4742784 0.005326113 0.1161577 0.2965897 0.009276175 0.1950605 -0.2740682 0.06678424 -0.6843626 -0.115611 0.4314916 0.2519108 1.159349 
time_beta 153.069 
loglikelihood= -1298.342 
Iteration= 6 
gamma= -3.54317 -1.141823 -2.495372 -1.657034 -8.213255 -0.5410421 
time_gamma 99.363 
beta= -0.1055618 -0.4728573 0.005587864 0.1159903 0.2963133 0.009184496 0.195028 -0.271171 0.06938025 -0.6702075 -0.1015572 0.4449444 0.2520043 1.158804 
time_beta 177.176 
loglikelihood= -1298.05 
Iteration= 7 
gamma= -3.584931 -1.160972 -2.497671 -1.688766 -8.176591 -0.5755475 
time_gamma 98.034 
beta= -0.1046406 -0.4714569 0.005842004 0.1158254 0.2960426 0.009064472 0.195023 -0.2683502 0.07191404 -0.6563411 -0.08781779 0.4581188 0.2520893 1.158313 
time_beta 177.55 
loglikelihood= -1297.777 
Iteration= 8 
gamma= -3.62578 -1.180248 -2.499744 -1.721331 -8.138274 -0.6101069 
time_gamma 98.718 
beta= -0.1037529 -0.4700776 0.006089806 0.1156627 0.2957777 0.008919883 0.1950416 -0.2656023 0.07438811 -0.6427536 -0.07438259 0.4710209 0.2521658 1.15787 
time_beta 179.037 
loglikelihood= -1297.521 
Iteration= 9 
gamma= -3.665749 -1.19962 -2.501633 -1.754546 -8.098672 -0.6446478 
time_gamma 97.388 
beta= -0.1028971 -0.4687211 0.00633219 0.1155027 0.2955197 0.008754013 0.1950812 -0.262925 0.0768047 -0.6294382 -0.0612423 0.4836588 0.2522347 1.157469 
time_beta 180.542 
loglikelihood= -1297.28 
Iteration= 10 
gamma= -3.70487 -1.219047 -2.503382 -1.788212 -8.058199 -0.6790862 
time_gamma 99.416 
beta= -0.1020714 -0.4673889 0.006569843 0.1153457 0.2952699 0.008570119 0.1951393 -0.2603164 0.07916577 -0.6163882 -0.04838767 0.4960411 0.2522971 1.15711 
time_beta 176.747 
loglikelihood= -1297.054 
Iteration= 11 
gamma= -3.743176 -1.238492 -2.505035 -1.822145 -8.01724 -0.7133406 
time_gamma 96.33 
beta= -0.1012745 -0.4660826 0.006803302 0.115192 0.2950289 0.008371308 0.1952133 -0.2577745 0.08147309 -0.6035972 -0.0358096 0.5081761 0.2523542 1.156787 
time_beta 182.011 
loglikelihood= -1296.842 
Iteration= 12 
gamma= -3.780697 -1.257923 -2.506625 -1.856196 -7.976097 -0.7473469 
time_gamma 97.074 
beta= -0.1005049 -0.4648032 0.007033003 0.1150419 0.2947974 0.008160382 0.1953012 -0.2552973 0.08372822 -0.5910589 -0.02349924 0.5200714 0.2524071 1.156499 
time_beta 180.439 
loglikelihood= -1296.641 
Iteration= 13 
gamma= -3.817461 -1.277316 -2.508177 -1.890246 -7.934998 -0.7810572 
time_gamma 98.833 
beta= -0.09976136 -0.4635514 0.007259288 0.1148954 0.2945757 0.007939832 0.1954013 -0.2528827 0.08593261 -0.5787667 -0.01144807 0.5317346 0.2524564 1.156244 
time_beta 180.421 
loglikelihood= -1296.452 
Iteration= 14 
gamma= -3.853488 -1.296654 -2.509709 -1.92421 -7.894096 -0.8144407 
time_gamma 96.867 
beta= -0.09904255 -0.4623278 0.007482436 0.1147528 0.2943641 0.007711741 0.195512 -0.250529 0.08808758 -0.5667142 0.0003520541 0.5431723 0.252503 1.156018 
time_beta 179.042 
loglikelihood= -1296.273 
Iteration= 15 
gamma= -3.888799 -1.315921 -2.511236 -1.958006 -7.853544 -0.8474638 
time_gamma 95.197 
beta= -0.09834735 -0.4611328 0.007702635 0.1146141 0.2941625 0.007477984 0.1956321 -0.2482342 0.09019442 -0.554895 0.01190909 0.5543912 0.2525474 1.15582 
time_beta 179.815 
loglikelihood= -1296.104 
Iteration= 16 
gamma= -3.923412 -1.335101 -2.512773 -1.991555 -7.813482 -0.8800939 
time_gamma 97.677 
beta= -0.09767467 -0.4599664 0.00792001 0.1144794 0.2939709 0.00724023 0.1957601 -0.2459965 0.09225432 -0.543303 0.02323079 0.5653978 0.2525904 1.155648 
time_beta 178.921 
loglikelihood= -1295.944 
Iteration= 17 
gamma= -3.957344 -1.354185 -2.51433 -2.024801 -7.774005 -0.9123092 
time_gamma 96.132 
beta= -0.09702345 -0.4588288 0.008134668 0.1143486 0.2937892 0.006999887 0.1958951 -0.243814 0.09426846 -0.531932 0.03432454 0.5761981 0.2526323 1.155499 
time_beta 180.823 
loglikelihood= -1295.792 
Iteration= 18 
gamma= -3.990609 -1.373167 -2.515913 -2.05771 -7.73516 -0.9441004 
time_gamma 98.584 
beta= -0.09639275 -0.4577196 0.008346717 0.1142216 0.2936171 0.006758107 0.1960361 -0.241685 0.09623796 -0.520776 0.04519735 0.5867976 0.2526736 1.155373 
time_beta 178.932 
loglikelihood= -1295.649 
Iteration= 19 
gamma= -4.023218 -1.392044 -2.517523 -2.090259 -7.696968 -0.975465 
time_gamma 95.731 
beta= -0.09578165 -0.4566387 0.008556264 0.1140985 0.2934545 0.006515869 0.1961825 -0.2396078 0.09816395 -0.5098293 0.05585591 0.5972019 0.2527146 1.155268 
time_beta 175.574 
loglikelihood= -1295.514 
Iteration= 20 
gamma= -4.055181 -1.410816 -2.519159 -2.122441 -7.659421 -1.00641 
time_gamma 77.221 
beta= -0.09518933 -0.4555855 0.008763424 0.1139791 0.2933012 0.006273967 0.1963337 -0.2375808 0.1000475 -0.4990863 0.06630654 0.607416 0.2527557 1.155182 
time_beta 172.057 
loglikelihood= -1295.386 
Iteration= 21 
gamma= -4.086505 -1.429484 -2.520819 -2.154249 -7.622512 -1.036938 
time_gamma 74.688 
beta= -0.09461496 -0.4545596 0.008968292 0.1138634 0.2931568 0.00603309 0.1964891 -0.2356025 0.1018898 -0.4885418 0.07655534 0.6174449 0.2527972 1.155115 
time_beta 178.786 
loglikelihood= -1295.265 
Iteration= 22 
gamma= -4.1172 -1.448048 -2.522505 -2.185667 -7.58626 -1.067049 
time_gamma 75.804 
beta= -0.09405775 -0.4535605 0.009170928 0.1137512 0.2930212 0.005793884 0.1966481 -0.2336713 0.1036918 -0.4781905 0.08660827 0.6272933 0.2528392 1.155065 
time_beta 178.662 
loglikelihood= -1295.151 
Iteration= 23 
gamma= -4.147278 -1.466503 -2.52422 -2.21667 -7.5507 -1.096732 
time_gamma 73.593 
beta= -0.09351694 -0.4525877 0.009371363 0.1136424 0.2928941 0.005556965 0.19681 -0.2317856 0.1054546 -0.4680275 0.09647121 0.6369662 0.252882 1.155031 
time_beta 177.329 
loglikelihood= -1295.043 
Iteration= 24 
gamma= -4.176754 -1.484842 -2.525968 -2.247239 -7.515857 -1.125983 
time_gamma 74.523 
beta= -0.09299179 -0.4516407 0.009569622 0.113537 0.2927751 0.005322859 0.1969742 -0.2299442 0.1071793 -0.458048 0.1061498 0.646468 0.2529259 1.155011 
time_beta 181.956 
loglikelihood= -1294.941 
Iteration= 25 
gamma= -4.205641 -1.503063 -2.527748 -2.277365 -7.481731 -1.154801 
time_gamma 76.977 
beta= -0.0924816 -0.4507189 0.009765746 0.1134348 0.292664 0.005091945 0.1971401 -0.2281455 0.108867 -0.4482474 0.1156493 0.6558032 0.2529709 1.155006 
time_beta 175.659 
loglikelihood= -1294.844 
Iteration= 26 
gamma= -4.233949 -1.521169 -2.52956 -2.307051 -7.448307 -1.183194 
time_gamma 75.312 
beta= -0.0919857 -0.4498217 0.009959779 0.1133358 0.2925605 0.004864502 0.1973075 -0.2263882 0.1105187 -0.4386213 0.1249748 0.6649758 0.2530172 1.155012 
time_beta 176.81 
loglikelihood= -1294.753 
Iteration= 27 
gamma= -4.261684 -1.53916 -2.5314 -2.336299 -7.415564 -1.211169 
time_gamma 73.939 
beta= -0.09150348 -0.4489484 0.01015176 0.1132398 0.2924645 0.004640745 0.197476 -0.2246711 0.1121353 -0.4291654 0.1341311 0.6739899 0.2530648 1.155031 
time_beta 179.267 
loglikelihood= -1294.667 
Iteration= 28 
gamma= -4.288859 -1.557035 -2.533268 -2.365108 -7.383497 -1.238728 
time_gamma 75.822 
beta= -0.0910343 -0.4480983 0.01034172 0.1131466 0.2923755 0.004420892 0.1976452 -0.2229928 0.113718 -0.4198754 0.143123 0.6828493 0.2531137 1.155061 
time_beta 176.143 
loglikelihood= -1294.586 
Iteration= 29 
gamma= -4.315486 -1.574791 -2.535164 -2.393471 -7.352112 -1.265872 
time_gamma 73.706 
beta= -0.09057759 -0.447271 0.01052964 0.1130564 0.2922935 0.004205142 0.1978147 -0.2213523 0.1152676 -0.4107473 0.151955 0.6915579 0.2531641 1.1551 
time_beta 179.223 
loglikelihood= -1294.509 
Iteration= 30 
gamma= -4.341576 -1.592429 -2.537089 -2.421387 -7.321401 -1.292604 
time_gamma 73.054 
beta= -0.09013278 -0.4464657 0.01071555 0.1129688 0.292218 0.003993624 0.1979843 -0.2197482 0.1167851 -0.4017772 0.1606316 0.7001195 0.253216 1.155149 
time_beta 181.685 
loglikelihood= -1294.436 
Iteration= 31 
gamma= -4.367139 -1.609946 -2.539041 -2.448858 -7.291356 -1.318928 
time_gamma 76.203 
beta= -0.08969932 -0.4456818 0.01089944 0.1128838 0.292149 0.003786433 0.1981537 -0.2181795 0.1182715 -0.3929613 0.1691569 0.7085376 0.2532693 1.155207 
time_beta 177.685 
loglikelihood= -1294.367 
Iteration= 32 
gamma= -4.392185 -1.627344 -2.54102 -2.475884 -7.261967 -1.344847 
time_gamma 74.052 
beta= -0.08927671 -0.4449188 0.01108132 0.1128014 0.292086 0.003583638 0.1983226 -0.2166452 0.1197276 -0.3842958 0.1775349 0.7168157 0.2533239 1.155272 
time_beta 179.15 
loglikelihood= -1294.302 
Iteration= 33 
gamma= -4.41673 -1.644618 -2.543025 -2.502464 -7.233231 -1.370364 
time_gamma 74.346 
beta= -0.08886446 -0.4441761 0.01126117 0.1127214 0.292029 0.003385312 0.1984907 -0.2151441 0.1211544 -0.3757773 0.1857698 0.7249571 0.25338 1.155345 
time_beta 178.222 
loglikelihood= -1294.241 
Iteration= 34 
gamma= -4.440785 -1.661767 -2.545056 -2.528598 -7.205147 -1.39548 
time_gamma 75.348 
beta= -0.08846212 -0.443453 0.01143899 0.1126437 0.2919776 0.003191507 0.1986579 -0.2136753 0.1225526 -0.3674021 0.1938652 0.7329653 0.2534374 1.155424 
time_beta 173.309 
loglikelihood= -1294.182 
Iteration= 35 
gamma= -4.464364 -1.678788 -2.547115 -2.554283 -7.177713 -1.420197 
time_gamma 77.88 
beta= -0.08806926 -0.442749 0.01161476 0.1125683 0.2919316 0.003002262 0.198824 -0.2122379 0.123923 -0.3591669 0.2018249 0.7408435 0.2534961 1.155509 
time_beta 178.401 
loglikelihood= -1294.127 
Iteration= 36 
gamma= -4.48748 -1.695677 -2.549202 -2.579517 -7.150932 -1.444515 
time_gamma 75.426 
beta= -0.08768548 -0.4420636 0.01178845 0.1124952 0.2918908 0.002817608 0.1989886 -0.2108308 0.1252665 -0.3510684 0.2096524 0.7485948 0.253556 1.155599 
time_beta 174.287 
loglikelihood= -1294.075 
Iteration= 37 
gamma= -4.510151 -1.712431 -2.551317 -2.604296 -7.12481 -1.468433 
time_gamma 75.556 
beta= -0.08731039 -0.4413963 0.01196004 0.1124241 0.2918549 0.002637583 0.1991516 -0.2094533 0.1265838 -0.3431033 0.2173514 0.7562224 0.2536172 1.155693 
time_beta 179.49 
loglikelihood= -1294.025 
Iteration= 38 
gamma= -4.532391 -1.729044 -2.553463 -2.628616 -7.099351 -1.491949 
time_gamma 74.483 
beta= -0.08694363 -0.4407464 0.0121295 0.1123551 0.2918238 0.002462206 0.1993127 -0.2081044 0.1278756 -0.3352685 0.2249251 0.7637292 0.2536794 1.155792 
time_beta 178.929 
loglikelihood= -1293.977 
Iteration= 39 
gamma= -4.554214 -1.745514 -2.555639 -2.652477 -7.074555 -1.515066 
time_gamma 77.279 
beta= -0.08658489 -0.4401136 0.01229681 0.1122881 0.291797 0.002291469 0.1994718 -0.2067834 0.1291426 -0.3275609 0.2323768 0.7711182 0.2537428 1.155894 
time_beta 182.478 
loglikelihood= -1293.931 
Iteration= 40 
gamma= -4.575632 -1.761837 -2.557846 -2.675877 -7.050422 -1.537782 
time_gamma 75.592 
beta= -0.08623383 -0.4394973 0.01246195 0.112223 0.2917745 0.002125358 0.1996287 -0.2054894 0.1303854 -0.3199775 0.2397097 0.7783921 0.2538071 1.155999 
time_beta 177.71 
loglikelihood= -1293.888 
Iteration= 41 
gamma= -4.596659 -1.778012 -2.560085 -2.698815 -7.026957 -1.560097 
time_gamma 75.735 
beta= -0.08589016 -0.4388969 0.01262488 0.1121597 0.2917559 0.001963865 0.1997833 -0.2042216 0.1316048 -0.3125153 0.2469268 0.7855538 0.2538723 1.156106 
time_beta 176.574 
loglikelihood= -1293.846 
Iteration= 42 
gamma= -4.617306 -1.794036 -2.562356 -2.721292 -7.004158 -1.582012 
time_gamma 75.503 
beta= -0.08555361 -0.438312 0.01278558 0.1120983 0.2917411 0.001806956 0.1999353 -0.2029793 0.1328013 -0.3051716 0.2540309 0.7926058 0.2539383 1.156215 
time_beta 176.269 
loglikelihood= -1293.806 
Iteration= 43 
gamma= -4.637583 -1.809908 -2.564657 -2.743312 -6.982016 -1.60353 
time_gamma 74.618 
beta= -0.08522392 -0.4377421 0.01294405 0.1120385 0.2917297 0.001654577 0.2000848 -0.2017618 0.1339756 -0.2979436 0.261025 0.7995506 0.2540052 1.156326 
time_beta 180.037 
loglikelihood= -1293.767 
Iteration= 44 
gamma= -4.657499 -1.82563 -2.566988 -2.764882 -6.960517 -1.624657 
time_gamma 73.842 
beta= -0.08490084 -0.4371867 0.01310029 0.1119805 0.2917217 0.001506652 0.2002317 -0.2005683 0.1351281 -0.2908287 0.2679117 0.8063907 0.2540726 1.156439 
time_beta 178.164 
loglikelihood= -1293.73 
Iteration= 45 
gamma= -4.677062 -1.8412 -2.569348 -2.786009 -6.939648 -1.645398 
time_gamma 74.844 
beta= -0.08458415 -0.4366454 0.01325428 0.111924 0.2917168 0.0013631 0.2003759 -0.1993981 0.1362596 -0.2838241 0.2746935 0.8131285 0.2541407 1.156552 
time_beta 176.796 
loglikelihood= -1293.695 
Iteration= 46 
gamma= -4.696281 -1.85662 -2.571734 -2.806699 -6.919399 -1.665757 
time_gamma 73.334 
beta= -0.08427364 -0.4361175 0.01340604 0.111869 0.2917148 0.001223846 0.2005174 -0.1982507 0.1373704 -0.2769275 0.2813728 0.8197662 0.2542093 1.156666 
time_beta 177.713 
loglikelihood= -1293.661 
Iteration= 47 
gamma= -4.715166 -1.871889 -2.574147 -2.826956 -6.899763 -1.685738 
time_gamma 73.689 
beta= -0.08396909 -0.4356029 0.01355554 0.1118155 0.2917155 0.001088818 0.2006562 -0.1971254 0.1384612 -0.2701364 0.2879523 0.826306 0.2542784 1.15678 
time_beta 176.518 
loglikelihood= -1293.628 
Iteration= 48 
gamma= -4.733725 -1.887006 -2.576585 -2.846786 -6.880729 -1.705345 
time_gamma 76.761 
beta= -0.08367032 -0.4351009 0.01370281 0.1117634 0.2917187 0.0009579353 0.2007922 -0.1960215 0.1395324 -0.2634484 0.2944341 0.8327501 0.2543478 1.156894 
time_beta 178.76 
loglikelihood= -1293.596 
Iteration= 49 
gamma= -4.751968 -1.901972 -2.579048 -2.866196 -6.862284 -1.724584 
time_gamma 76.297 
beta= -0.08337715 -0.4346112 0.01384783 0.1117127 0.2917244 0.0008311109 0.2009255 -0.1949386 0.1405846 -0.2568612 0.3008205 0.8391007 0.2544176 1.157008 
time_beta 178.17 
loglikelihood= -1293.566 
Iteration= 50 
gamma= -4.769903 -1.916786 -2.581535 -2.885192 -6.844419 -1.743458 
time_gamma 76.599 
beta= -0.08308939 -0.4341335 0.01399061 0.1116632 0.2917323 0.0007082633 0.2010559 -0.1938759 0.1416181 -0.2503727 0.3071137 0.8453597 0.2544876 1.157122 
time_beta 178.913 
loglikelihood= -1293.536 
Iteration= 51 
gamma= -4.787541 -1.931448 -2.584044 -2.90378 -6.827123 -1.761972 
time_gamma 70.685 
beta= -0.0828069 -0.4336673 0.01413116 0.1116151 0.2917423 0.0005893101 0.2011836 -0.1928331 0.1426335 -0.2439806 0.3133158 0.8515291 0.2545579 1.157236 
time_beta 176.842 
loglikelihood= -1293.508 
Iteration= 52 
gamma= -4.80489 -1.945957 -2.586576 -2.921966 -6.810386 -1.780132 
time_gamma 72.426 
beta= -0.0825295 -0.4332123 0.01426948 0.1115681 0.2917542 0.0004741662 0.2013085 -0.1918095 0.1436311 -0.2376829 0.3194289 0.8576109 0.2546283 1.157349 
time_beta 178.731 
loglikelihood= -1293.48 
Iteration= 53 
gamma= -4.821959 -1.960313 -2.589129 -2.939756 -6.794196 -1.797942 
time_gamma 75.957 
beta= -0.08225705 -0.4327682 0.0144056 0.1115223 0.291768 0.0003627427 0.2014307 -0.1908048 0.1446114 -0.2314775 0.3254548 0.8636069 0.2546989 1.157461 
time_beta 175.936 
loglikelihood= -1293.453 
Iteration= 54 
gamma= -4.838756 -1.974518 -2.591701 -2.957159 -6.778541 -1.815408 
time_gamma 76.302 
beta= -0.08198942 -0.4323345 0.01453952 0.1114777 0.2917834 0.0002549489 0.2015501 -0.1898183 0.1455748 -0.2253624 0.3313956 0.8695189 0.2547695 1.157572 
time_beta 178.369 
loglikelihood= -1293.427 
Iteration= 55 
gamma= -4.855289 -1.98857 -2.594293 -2.974181 -6.763407 -1.832535 
time_gamma 76.463 
beta= -0.08172646 -0.4319111 0.01467126 0.1114341 0.2918004 0.0001506907 0.2016667 -0.1888496 0.1465217 -0.2193357 0.3372529 0.8753486 0.2548401 1.157682 
time_beta 179.501 
loglikelihood= -1293.401 
Iteration= 56 
gamma= -4.871564 -2.002472 -2.596902 -2.99083 -6.748783 -1.84933 
time_gamma 73.042 
beta= -0.08146805 -0.4314975 0.01480085 0.1113916 0.2918189 4.986941e-05 0.2017807 -0.1878984 0.1474525 -0.2133956 0.3430287 0.8810978 0.2549106 1.157791 
time_beta 179.466 
loglikelihood= -1293.376 
Iteration= 57 
gamma= -4.887588 -2.016224 -2.599527 -3.007114 -6.734654 -1.865798 
time_gamma 72.316 
beta= -0.08121407 -0.4310934 0.01492831 0.1113501 0.2918386 -4.761053e-05 0.2018921 -0.186964 0.1483676 -0.2075403 0.3487246 0.8867681 0.2549811 1.157899 
time_beta 178.212 
loglikelihood= -1293.352 
Iteration= 58 
gamma= -4.903369 -2.029826 -2.602168 -3.023041 -6.721009 -1.881946 
time_gamma 76.916 
beta= -0.0809644 -0.4306986 0.01505366 0.1113095 0.2918597 -0.0001418421 0.2020008 -0.1860462 0.1492672 -0.2017679 0.3543423 0.892361 0.2550515 1.158005 
time_beta 177.447 
loglikelihood= -1293.329 
Iteration= 59 
gamma= -4.918914 -2.043279 -2.604823 -3.038616 -6.707838 -1.897777 
time_gamma 76.185 
beta= -0.08071892 -0.4303127 0.01517692 0.1112699 0.2918819 -0.0002329135 0.2021069 -0.1851445 0.1501518 -0.1960767 0.3598833 0.8978781 0.2551218 1.15811 
time_beta 177.304 
loglikelihood= -1293.306 
Iteration= 60 
gamma= -4.934231 -2.056583 -2.607492 -3.053845 -6.695132 -1.913297 
time_gamma 72.73 
beta= -0.08047754 -0.4299356 0.01529811 0.1112312 0.2919051 -0.0003209096 0.2022104 -0.1842585 0.1510217 -0.1904652 0.3653494 0.903321 0.2551918 1.158213 
time_beta 176.222 
loglikelihood= -1293.283 
Iteration= 61 
gamma= -4.949327 -2.069738 -2.610175 -3.068733 -6.682884 -1.928509 
time_gamma 73.334 
beta= -0.08024014 -0.4295669 0.01541726 0.1111934 0.2919293 -0.0004059128 0.2023114 -0.1833878 0.1518772 -0.1849316 0.3707419 0.9086911 0.2552617 1.158315 
time_beta 177.865 
loglikelihood= -1293.261 
Iteration= 62 
gamma= -4.96421 -2.082743 -2.612871 -3.083286 -6.671084 -1.943417 
time_gamma 75.119 
beta= -0.08000664 -0.4292064 0.01553438 0.1111564 0.2919544 -0.0004880038 0.2024099 -0.1825321 0.1527186 -0.1794743 0.3760625 0.9139899 0.2553313 1.158415 
time_beta 177.226 
loglikelihood= -1293.239 
Iteration= 63 
gamma= -4.978888 -2.095598 -2.615579 -3.097509 -6.659726 -1.958027 
time_gamma 72.063 
beta= -0.07977694 -0.4288538 0.0156495 0.1111203 0.2919802 -0.0005672649 0.2025058 -0.1816911 0.1535462 -0.1740919 0.3813125 0.9192187 0.2554006 1.158513 
time_beta 177.06 
loglikelihood= -1293.218 
Iteration= 64 
gamma= -4.993368 -2.108304 -2.618298 -3.111408 -6.6488 -1.972342 
time_gamma 73.752 
beta= -0.07955095 -0.428509 0.01576264 0.1110849 0.2920068 -0.0006437799 0.2025992 -0.1808643 0.1543604 -0.1687827 0.3864934 0.924379 0.2554696 1.15861 
time_beta 176.307 
loglikelihood= -1293.197 
Iteration= 65 
gamma= -5.007656 -2.120861 -2.621029 -3.12499 -6.638293 -1.986368 
time_gamma 71.802 
beta= -0.07932858 -0.4281716 0.01587384 0.1110504 0.2920341 -0.0007176343 0.2026902 -0.1800515 0.1551614 -0.1635454 0.3916064 0.929472 0.2555384 1.158705 
time_beta 176.897 
loglikelihood= -1293.176 
Iteration= 66 
gamma= -5.021759 -2.13327 -2.623769 -3.138262 -6.628195 -2.000112 
time_gamma 73.233 
beta= -0.07910976 -0.4278415 0.01598311 0.1110166 0.2920619 -0.0007889154 0.2027788 -0.1792523 0.1559494 -0.1583786 0.396653 0.9344991 0.2556067 1.158798 
time_beta 179.806 
loglikelihood= -1293.155 
Iteration= 67 
gamma= -5.03568 -2.145533 -2.626518 -3.151231 -6.618495 -2.013578 
time_gamma 73.812 
beta= -0.07889439 -0.4275184 0.0160905 0.1109835 0.2920902 -0.0008577079 0.2028651 -0.1784663 0.1567249 -0.1532809 0.4016343 0.9394613 0.2556747 1.158889 
time_beta 177.508 
loglikelihood= -1293.135 
Iteration= 68 
gamma= -5.049426 -2.15765 -2.629274 -3.163904 -6.609181 -2.026772 
time_gamma 76.139 
beta= -0.07868242 -0.4272021 0.01619602 0.1109512 0.292119 -0.0009240912 0.202949 -0.1776934 0.1574879 -0.1482509 0.4065516 0.94436 0.2557423 1.158978 
time_beta 175.632 
loglikelihood= -1293.115 
Iteration= 69 
gamma= -5.063003 -2.169622 -2.632038 -3.176286 -6.600246 -2.039698 
time_gamma 72.842 
beta= -0.07847375 -0.4268925 0.01629971 0.1109195 0.2921483 -0.0009881415 0.2030307 -0.1769332 0.1582388 -0.1432873 0.4114061 0.9491964 0.2558095 1.159065 
time_beta 180.327 
loglikelihood= -1293.095 
Iteration= 70 
gamma= -5.076415 -2.18145 -2.634809 -3.188384 -6.59168 -2.052361 
time_gamma 73.419 
beta= -0.07826833 -0.4265893 0.0164016 0.1108886 0.2921778 -0.001049937 0.2031101 -0.1761855 0.1589779 -0.1383889 0.416199 0.9539715 0.2558763 1.159151 
time_beta 180.598 
loglikelihood= -1293.076 
Iteration= 71 
gamma= -5.089667 -2.193135 -2.637584 -3.200203 -6.583472 -2.064767 
time_gamma 74.119 
beta= -0.07806609 -0.4262924 0.01650172 0.1108582 0.2922077 -0.001109554 0.2031874 -0.1754498 0.1597054 -0.1335544 0.4209313 0.9586864 0.2559427 1.159234 
time_beta 177.226 
loglikelihood= -1293.057 
Iteration= 72 
gamma= -5.102763 -2.20468 -2.640365 -3.211752 -6.575611 -2.076921 
time_gamma 77.381 
beta= -0.07786695 -0.4260016 0.01660009 0.1108285 0.2922379 -0.001167068 0.2032625 -0.1747261 0.1604214 -0.1287827 0.4256043 0.9633424 0.2560085 1.159316 
time_beta 173.463 
loglikelihood= -1293.037 
Iteration= 73 
gamma= -5.115707 -2.216085 -2.643149 -3.223038 -6.568085 -2.08883 
time_gamma 74.132 
beta= -0.07767085 -0.4257166 0.01669677 0.1107995 0.2922683 -0.001222559 0.2033355 -0.1740139 0.1611264 -0.1240725 0.4302189 0.9679402 0.2560739 1.159396 
time_beta 172.427 
loglikelihood= -1293.018 
Iteration= 74 
gamma= -5.128499 -2.227354 -2.645935 -3.234068 -6.560881 -2.1005 
time_gamma 75.722 
beta= -0.07747774 -0.4254374 0.01679177 0.110771 0.2922988 -0.001276105 0.2034066 -0.1733132 0.1618204 -0.1194228 0.4347761 0.9724811 0.2561389 1.159474 
time_beta 174.062 
loglikelihood= -1293 
Iteration= 75 
gamma= -5.141142 -2.23849 -2.648722 -3.24485 -6.553986 -2.111937 
time_gamma 74.851 
beta= -0.07728755 -0.4251637 0.01688513 0.1107431 0.2923296 -0.001327782 0.2034756 -0.1726235 0.1625037 -0.1148325 0.4392769 0.9769659 0.2562033 1.15955 
time_beta 177.026 
loglikelihood= -1292.981 
Iteration= 76 
gamma= -5.153638 -2.249494 -2.651508 -3.255394 -6.547386 -2.123148 
time_gamma 74.287 
beta= -0.07710021 -0.4248954 0.0169769 0.1107157 0.2923604 -0.001377667 0.2035428 -0.1719447 0.1631765 -0.1103004 0.4437223 0.9813956 0.2562672 1.159625 
time_beta 177.487 
loglikelihood= -1292.963 
Iteration= 77 
gamma= -5.165986 -2.260371 -2.654293 -3.265706 -6.541067 -2.13414 
time_gamma 77.496 
beta= -0.07691568 -0.4246324 0.01706711 0.1106889 0.2923914 -0.001425835 0.2036082 -0.1712765 0.1638391 -0.1058256 0.4481132 0.985771 0.2563306 1.159698 
time_beta 173.441 
loglikelihood= -1292.945 
Iteration= 78 
gamma= -5.178189 -2.271124 -2.657075 -3.275797 -6.535015 -2.14492 
time_gamma 74.139 
beta= -0.0767339 -0.4243744 0.0171558 0.1106626 0.2924225 -0.001472357 0.2036719 -0.1706187 0.1644917 -0.1014071 0.4524504 0.9900932 0.2563934 1.159769 
time_beta 174.283 
loglikelihood= -1292.927 
Iteration= 79 
gamma= -5.190245 -2.281755 -2.659851 -3.285673 -6.529217 -2.155494 
time_gamma 76.358 
beta= -0.07655481 -0.4241214 0.017243 0.1106368 0.2924536 -0.001517304 0.203734 -0.1699711 0.1651344 -0.09704398 0.4567349 0.9943629 0.2564558 1.159839 
time_beta 175.084 
loglikelihood= -1292.909 
Iteration= 80 
gamma= -5.202156 -2.292268 -2.662622 -3.295343 -6.52366 -2.16587 
time_gamma 73.085 
beta= -0.07637836 -0.4238731 0.01732876 0.1106114 0.2924848 -0.001560741 0.2037944 -0.1693335 0.1657674 -0.09273519 0.4609675 0.9985809 0.2565175 1.159907 
time_beta 177.389 
loglikelihood= -1292.892 
Iteration= 81 
gamma= -5.213922 -2.302666 -2.665386 -3.304814 -6.518333 -2.176052 
time_gamma 76.355 
beta= -0.0762045 -0.4236295 0.01741309 0.1105866 0.2925161 -0.001602731 0.2038533 -0.1687056 0.166391 -0.08847985 0.465149 1.002748 0.2565788 1.159974 
time_beta 172.078 
loglikelihood= -1292.875 
Iteration= 82 
gamma= -5.225542 -2.312952 -2.668142 -3.314094 -6.513222 -2.186048 
time_gamma 74.477 
beta= -0.07603318 -0.4233905 0.01749604 0.1105622 0.2925474 -0.001643335 0.2039108 -0.1680872 0.1670054 -0.08427708 0.4692802 1.006865 0.2566394 1.160039 
time_beta 174.383 
loglikelihood= -1292.858 
Iteration= 83 
gamma= -5.237017 -2.323129 -2.670889 -3.323188 -6.508318 -2.195863 
time_gamma 76.847 
beta= -0.07586434 -0.4231559 0.01757764 0.1105382 0.2925787 -0.001682612 0.2039669 -0.1674782 0.1676107 -0.080126 0.4733619 1.010934 0.2566996 1.160103 
time_beta 175.824 
loglikelihood= -1292.842 
Iteration= 84 
gamma= -5.248348 -2.3332 -2.673626 -3.332104 -6.50361 -2.205503 
time_gamma 74.055 
beta= -0.07569795 -0.4229255 0.01765793 0.1105146 0.29261 -0.001720616 0.2040217 -0.1668784 0.1682071 -0.07602576 0.4773949 1.014953 0.2567591 1.160166 
time_beta 178.898 
loglikelihood= -1292.826 
Iteration= 85 
gamma= -5.259533 -2.343167 -2.676351 -3.340849 -6.499087 -2.214973 
time_gamma 76.029 
beta= -0.07553395 -0.4226993 0.01773692 0.1104915 0.2926414 -0.001757399 0.2040752 -0.1662875 0.1687947 -0.07197552 0.48138 1.018925 0.2568181 1.160228 
time_beta 174.924 
loglikelihood= -1292.81 
Iteration= 86 
gamma= -5.270576 -2.353032 -2.679065 -3.349426 -6.494743 -2.224277 
time_gamma 71.674 
beta= -0.07537229 -0.4224772 0.01781465 0.1104687 0.2926727 -0.001793007 0.2041274 -0.1657054 0.1693739 -0.06797447 0.4853178 1.02285 0.2568765 1.160288 
time_beta 172.174 
loglikelihood= -1292.794 
Iteration= 87 
gamma= -5.281477 -2.362797 -2.681767 -3.357842 -6.49057 -2.23342 
time_gamma 74.711 
beta= -0.07521295 -0.422259 0.01789115 0.1104464 0.292704 -0.001827484 0.2041785 -0.1651319 0.1699446 -0.06402181 0.4892091 1.026729 0.2569344 1.160347 
time_beta 174.092 
loglikelihood= -1292.779 
Iteration= 88 
gamma= -5.292237 -2.372464 -2.684456 -3.366099 -6.486561 -2.242405 
time_gamma 72.345 
beta= -0.07505586 -0.4220447 0.01796644 0.1104244 0.2927352 -0.00186087 0.2042284 -0.1645669 0.1705072 -0.06011675 0.4930547 1.030562 0.2569917 1.160405 
time_beta 175.629 
loglikelihood= -1292.764 
Iteration= 89 
gamma= -5.302858 -2.382035 -2.687133 -3.374203 -6.482712 -2.251237 
time_gamma 73.827 
beta= -0.074901 -0.4218342 0.01804054 0.1104027 0.2927664 -0.001893204 0.2042772 -0.1640101 0.1710616 -0.05625851 0.4968553 1.034351 0.2570484 1.160462 
time_beta 174.44 
loglikelihood= -1292.75 
Iteration= 90 
gamma= -5.313343 -2.39151 -2.689796 -3.382157 -6.479016 -2.259918 
time_gamma 74.424 
beta= -0.07474832 -0.4216273 0.01811348 0.1103815 0.2927976 -0.001924524 0.2043249 -0.1634615 0.1716082 -0.05244635 0.5006115 1.038096 0.2571046 1.160518 
time_beta 176.874 
loglikelihood= -1292.735 
Iteration= 91 
gamma= -5.323693 -2.400891 -2.692445 -3.389965 -6.475468 -2.268452 
time_gamma 75.299 
beta= -0.07459777 -0.421424 0.01818528 0.1103605 0.2928286 -0.001954865 0.2043715 -0.1629208 0.172147 -0.04867954 0.504324 1.041797 0.2571602 1.160573 
time_beta 174.247 
loglikelihood= -1292.721 
Iteration= 92 
gamma= -5.333909 -2.41018 -2.695081 -3.39763 -6.472063 -2.276842 
time_gamma 75.258 
beta= -0.07444933 -0.4212242 0.01825596 0.11034 0.2928596 -0.001984262 0.2044171 -0.1623879 0.1726781 -0.04495734 0.5079935 1.045455 0.2572152 1.160626 
time_beta 175.095 
loglikelihood= -1292.708 
Iteration= 93 
gamma= -5.343994 -2.419377 -2.697702 -3.405157 -6.468795 -2.285093 
time_gamma 72.698 
beta= -0.07430296 -0.4210278 0.01832554 0.1103197 0.2928905 -0.002012747 0.2044617 -0.1618626 0.1732018 -0.04127906 0.5116207 1.049071 0.2572697 1.160679 
time_beta 170.73 
loglikelihood= -1292.694 
Iteration= 94 
gamma= -5.353949 -2.428484 -2.700309 -3.412549 -6.46566 -2.293206 
time_gamma 75.624 
beta= -0.07415861 -0.4208348 0.01839405 0.1102998 0.2929213 -0.002040351 0.2045053 -0.1613448 0.1737182 -0.03764402 0.5152062 1.052646 0.2573236 1.160731 
time_beta 176.989 
loglikelihood= -1292.681 
Iteration= 95 
gamma= -5.363776 -2.437503 -2.702901 -3.419809 -6.462652 -2.301185 
time_gamma 76.148 
beta= -0.07401625 -0.4206449 0.0184615 0.1102802 0.2929519 -0.002067107 0.204548 -0.1608344 0.1742273 -0.03405152 0.5187506 1.05618 0.257377 1.160781 
time_beta 176.692 
loglikelihood= -1292.668 
Iteration= 96 
gamma= -5.373476 -2.446435 -2.705478 -3.42694 -6.459769 -2.309033 
time_gamma 74.725 
beta= -0.07387585 -0.4204582 0.01852791 0.1102609 0.2929825 -0.002093043 0.2045897 -0.1603312 0.1747294 -0.03050093 0.5222545 1.059674 0.2574298 1.160831 
time_beta 173.107 
loglikelihood= -1292.655 
Iteration= 97 
gamma= -5.383051 -2.45528 -2.70804 -3.433946 -6.457004 -2.316753 
time_gamma 74.5 
beta= -0.07373737 -0.4202746 0.01859332 0.1102419 0.2930129 -0.002118187 0.2046305 -0.1598351 0.1752245 -0.02699159 0.5257185 1.063128 0.257482 1.16088 
time_beta 179.039 
loglikelihood= -1292.643 
Iteration= 98 
gamma= -5.392503 -2.464041 -2.710587 -3.44083 -6.454354 -2.324348 
time_gamma 76.615 
beta= -0.07360078 -0.4200941 0.01865773 0.1102232 0.2930431 -0.002142567 0.2046705 -0.1593459 0.1757128 -0.02352287 0.5291432 1.066543 0.2575337 1.160928 
time_beta 176.364 
loglikelihood= -1292.631 
Iteration= 99 
gamma= -5.401833 -2.472717 -2.713118 -3.447594 -6.451815 -2.33182 
time_gamma 75.85 
beta= -0.07346604 -0.4199164 0.01872116 0.1102048 0.2930732 -0.002166208 0.2047096 -0.1588636 0.1761944 -0.02009416 0.5325292 1.06992 0.2575849 1.160974 
time_beta 177.105 
loglikelihood= -1292.619 
Iteration= 100 
gamma= -5.411043 -2.481311 -2.715634 -3.454241 -6.449385 -2.339172 
time_gamma 74.434 
beta= -0.07333313 -0.4197417 0.01878363 0.1101867 0.2931032 -0.002189134 0.2047479 -0.1583879 0.1766695 -0.01670484 0.5358771 1.073259 0.2576355 1.16102 
time_beta 178.305 
loglikelihood= -1292.607 
Iteration= 101 
gamma= -5.420134 -2.489823 -2.718134 -3.460773 -6.44706 -2.346405 
time_gamma 73.837 
beta= -0.07320201 -0.4195697 0.01884515 0.1101689 0.293133 -0.002211368 0.2047854 -0.1579188 0.177138 -0.01335431 0.5391874 1.07656 0.2576855 1.161065 
time_beta 173.6 
loglikelihood= -1292.596 
Iteration= 102 
gamma= -5.42911 -2.498253 -2.720619 -3.467192 -6.444837 -2.353523 
time_gamma 76.277 
beta= -0.07307265 -0.4194006 0.01890576 0.1101514 0.2931626 -0.002232931 0.204822 -0.1574562 0.1776002 -0.010042 0.5424607 1.079824 0.257735 1.16111 
time_beta 174.956 
loglikelihood= -1292.585 
Iteration= 103 
gamma= -5.437972 -2.506603 -2.723088 -3.473502 -6.442715 -2.360527 
time_gamma 74.007 
beta= -0.07294503 -0.4192341 0.01896545 0.1101341 0.293192 -0.002253844 0.2048579 -0.1569999 0.1780562 -0.006767316 0.5456975 1.083053 0.257784 1.161153 
time_beta 174.98 
loglikelihood= -1292.574 
Iteration= 104 
gamma= -5.446721 -2.514874 -2.725542 -3.479703 -6.44069 -2.36742 
time_gamma 73.132 
beta= -0.07281911 -0.4190702 0.01902424 0.1101171 0.2932212 -0.002274128 0.204893 -0.1565498 0.178506 -0.003529709 0.5488983 1.086245 0.2578325 1.161196 
time_beta 172.477 
loglikelihood= -1292.563 
Iteration= 105 
gamma= -5.455359 -2.523065 -2.72798 -3.485798 -6.438759 -2.374202 
time_gamma 76.514 
beta= -0.07269486 -0.4189089 0.01908216 0.1101003 0.2932503 -0.002293804 0.2049273 -0.1561058 0.1789498 -0.0003286238 0.5520637 1.089402 0.2578804 1.161237 
time_beta 172.444 
loglikelihood= -1292.553 
Iteration= 106 
gamma= -5.463887 -2.53118 -2.730402 -3.491789 -6.43692 -2.380878 
time_gamma 74.19 
beta= -0.07257226 -0.4187501 0.01913921 0.1100838 0.2932791 -0.002312893 0.2049609 -0.1556678 0.1793877 0.002836475 0.5551941 1.092525 0.2579278 1.161278 
time_beta 171.276 
loglikelihood= -1292.543 
Iteration= 107 
gamma= -5.472305 -2.539217 -2.732809 -3.49768 -6.435168 -2.387449 
time_gamma 76.921 
beta= -0.07245128 -0.4185938 0.01919542 0.1100676 0.2933078 -0.002331412 0.2049938 -0.1552357 0.1798198 0.005966113 0.55829 1.095613 0.2579747 1.161318 
time_beta 176.326 
loglikelihood= -1292.533 
Iteration= 108 
gamma= -5.480617 -2.54718 -2.7352 -3.503471 -6.433503 -2.393916 
time_gamma 74.576 
beta= -0.07233189 -0.4184398 0.0192508 0.1100516 0.2933362 -0.002349382 0.205026 -0.1548094 0.1802461 0.009060807 0.561352 1.098668 0.2580211 1.161357 
time_beta 179.357 
loglikelihood= -1292.523 
Iteration= 109 
gamma= -5.488822 -2.555067 -2.737575 -3.509166 -6.43192 -2.400283 
time_gamma 76.587 
beta= -0.07221407 -0.4182882 0.01930536 0.1100358 0.2933644 -0.002366819 0.2050575 -0.1543888 0.1806669 0.01212106 0.5643805 1.101689 0.2580669 1.161396 
time_beta 176.157 
loglikelihood= -1292.513 
Iteration= 110 
gamma= -5.496922 -2.562881 -2.739934 -3.514766 -6.430417 -2.406551 
time_gamma 76.351 
beta= -0.07209779 -0.418139 0.01935912 0.1100203 0.2933924 -0.002383743 0.2050883 -0.1539737 0.181082 0.01514737 0.5673759 1.104677 0.2581122 1.161433 
time_beta 177.571 
loglikelihood= -1292.504 
Iteration= 111 
gamma= -5.504918 -2.570623 -2.742277 -3.520273 -6.428992 -2.412722 
time_gamma 77.311 
beta= -0.07198303 -0.4179919 0.01941209 0.110005 0.2934202 -0.002400169 0.2051185 -0.1535641 0.1814918 0.01814021 0.5703387 1.107633 0.2581571 1.16147 
time_beta 174.81 
loglikelihood= -1292.495 
Iteration= 112 
gamma= -5.512812 -2.578293 -2.744604 -3.52569 -6.42764 -2.418798 
time_gamma 72.951 
beta= -0.07186975 -0.4178471 0.01946429 0.1099899 0.2934477 -0.002416114 0.2051481 -0.15316 0.1818962 0.02110007 0.5732695 1.110557 0.2582014 1.161507 
time_beta 175.906 
loglikelihood= -1292.486 
Iteration= 113 
gamma= -5.520604 -2.585892 -2.746914 -3.531019 -6.426361 -2.424782 
time_gamma 77.655 
beta= -0.07175794 -0.4177044 0.01951573 0.1099751 0.293475 -0.002431594 0.205177 -0.1527611 0.1822954 0.02402741 0.5761685 1.11345 0.2582453 1.161542 
time_beta 177.261 
loglikelihood= -1292.477 
Iteration= 114 
gamma= -5.528297 -2.593421 -2.749209 -3.536261 -6.425152 -2.430675 
time_gamma 77.428 
beta= -0.07164758 -0.4175639 0.01956643 0.1099604 0.2935021 -0.002446624 0.2052053 -0.1523674 0.1826893 0.02692268 0.5790362 1.116311 0.2582886 1.161577 
time_beta 161.778 
loglikelihood= -1292.469 
Iteration= 115 
gamma= -5.53589 -2.600881 -2.751488 -3.541418 -6.42401 -2.436478 
time_gamma 53.217 
beta= -0.07153863 -0.4174254 0.01961639 0.109946 0.293529 -0.002461217 0.205233 -0.1519789 0.1830783 0.02978634 0.5818731 1.119142 0.2583315 1.161611 
time_beta 124.792 
loglikelihood= -1292.46 
Iteration= 116 
gamma= -5.543387 -2.608273 -2.753751 -3.546493 -6.422934 -2.442194 
time_gamma 54.796 
beta= -0.07143108 -0.4172889 0.01966564 0.1099318 0.2935557 -0.002475389 0.2052602 -0.1515954 0.1834622 0.03261882 0.5846796 1.121942 0.2583738 1.161644 
time_beta 125.362 
loglikelihood= -1292.452 
Iteration= 117 
gamma= -5.550787 -2.615597 -2.755997 -3.551486 -6.421921 -2.447824 
time_gamma 54.977 
beta= -0.07132491 -0.4171545 0.01971418 0.1099178 0.2935821 -0.002489152 0.2052868 -0.1512168 0.1838411 0.03542056 0.587456 1.124713 0.2584157 1.161677 
time_beta 127.048 
loglikelihood= -1292.444 
Iteration= 118 
gamma= -5.558092 -2.622854 -2.758228 -3.5564 -6.420969 -2.45337 
time_gamma 54.718 
beta= -0.07122009 -0.4170219 0.01976203 0.109904 0.2936083 -0.00250252 0.2053129 -0.1508431 0.1842153 0.03819198 0.5902029 1.127454 0.2584572 1.161709 
time_beta 123.418 
loglikelihood= -1292.437 
Iteration= 119 
gamma= -5.565303 -2.630046 -2.760443 -3.561236 -6.420076 -2.458834 
time_gamma 55.057 
beta= -0.0711166 -0.4168913 0.01980919 0.1098905 0.2936342 -0.002515504 0.2053384 -0.1504742 0.1845847 0.0409335 0.5929205 1.130166 0.2584981 1.161741 
time_beta 126.45 
loglikelihood= -1292.429 
Iteration= 120 
gamma= -5.572422 -2.637173 -2.762641 -3.565996 -6.41924 -2.464217 
time_gamma 54.683 
beta= -0.07101443 -0.4167626 0.01985569 0.1098771 0.2936599 -0.002528118 0.2053634 -0.15011 0.1849494 0.04364552 0.5956093 1.132849 0.2585386 1.161772 
time_beta 126.823 
loglikelihood= -1292.422 
Iteration= 121 
gamma= -5.579449 -2.644235 -2.764824 -3.570681 -6.418458 -2.469521 
time_gamma 54.46 
beta= -0.07091354 -0.4166357 0.01990153 0.1098638 0.2936854 -0.002540374 0.2053878 -0.1497504 0.1853095 0.04632843 0.5982696 1.135504 0.2585787 1.161802 
time_beta 176.213 
loglikelihood= -1292.414 
Iteration= 122 
gamma= -5.586385 -2.651234 -2.76699 -3.575295 -6.417729 -2.474748 
time_gamma 74.618 
beta= -0.07081392 -0.4165105 0.01994672 0.1098508 0.2937107 -0.002552284 0.2054118 -0.1493954 0.1856651 0.04898264 0.6009018 1.138131 0.2586183 1.161832 
time_beta 172.778 
loglikelihood= -1292.407 
Iteration= 123 
gamma= -5.593232 -2.658171 -2.76914 -3.579837 -6.417049 -2.479899 
time_gamma 73.586 
beta= -0.07071556 -0.4163872 0.01999129 0.109838 0.2937357 -0.00256386 0.2054354 -0.1490448 0.1860162 0.05160852 0.6035063 1.140731 0.2586574 1.161861 
time_beta 171.205 
loglikelihood= -1292.401 
Iteration= 124 
gamma= -5.59999 -2.665046 -2.771275 -3.58431 -6.416418 -2.484976 
time_gamma 73.154 
beta= -0.07061842 -0.4162656 0.02003523 0.1098253 0.2937605 -0.002575111 0.2054584 -0.1486987 0.1863629 0.05420645 0.6060834 1.143303 0.2586961 1.161889 
time_beta 173.914 
loglikelihood= -1292.394 
Iteration= 125 
gamma= -5.60666 -2.67186 -2.773393 -3.588716 -6.415834 -2.48998 
time_gamma 76.229 
beta= -0.0705225 -0.4161456 0.02007856 0.1098129 0.2937851 -0.002586049 0.205481 -0.1483569 0.1867053 0.05677681 0.6086335 1.145849 0.2587344 1.161918 
time_beta 174.183 
loglikelihood= -1292.387 
Iteration= 126 
gamma= -5.613243 -2.678614 -2.775495 -3.593055 -6.415294 -2.494914 
time_gamma 82.908 
beta= -0.07042777 -0.4160274 0.02012129 0.1098006 0.2938094 -0.002596684 0.2055032 -0.1480193 0.1870435 0.05931995 0.611157 1.148368 0.2587722 1.161945 
time_beta 170.389 
loglikelihood= -1292.381 
Iteration= 127 
gamma= -5.619741 -2.685308 -2.777581 -3.597329 -6.414798 -2.499777 
time_gamma 71.805 
beta= -0.07033421 -0.4159107 0.02016343 0.1097884 0.2938336 -0.002607025 0.2055249 -0.147686 0.1873775 0.06183623 0.6136541 1.15086 0.2588096 1.161972 
time_beta 174.556 
loglikelihood= -1292.375 
Iteration= 128 
gamma= -5.626154 -2.691944 -2.779651 -3.601539 -6.414343 -2.504573 
time_gamma 75.172 
beta= -0.07024181 -0.4157957 0.020205 0.1097765 0.2938574 -0.002617081 0.2055462 -0.1473567 0.1877073 0.06432602 0.6161252 1.153327 0.2588466 1.161999 
time_beta 169.795 
loglikelihood= -1292.369 
Iteration= 129 
gamma= -5.632484 -2.698522 -2.781706 -3.605688 -6.413928 -2.509301 
time_gamma 77.279 
beta= -0.07015055 -0.4156822 0.02024599 0.1097647 0.2938811 -0.002626861 0.2055671 -0.1470316 0.1880332 0.06678964 0.6185706 1.155768 0.2588831 1.162025 
time_beta 177.352 
loglikelihood= -1292.363 
Iteration= 130 
gamma= -5.638731 -2.705042 -2.783744 -3.609775 -6.413551 -2.513963 
time_gamma 75.268 
beta= -0.07006042 -0.4155703 0.02028643 0.109753 0.2939046 -0.002636374 0.2055877 -0.1467104 0.188355 0.06922745 0.6209908 1.158185 0.2589192 1.16205 
time_beta 177.397 
loglikelihood= -1292.357 
Iteration= 131 
gamma= -5.644898 -2.711505 -2.785767 -3.613803 -6.413213 -2.51856 
time_gamma 77.36 
beta= -0.06997139 -0.4154599 0.02032631 0.1097416 0.2939278 -0.002645627 0.2056078 -0.1463932 0.1886729 0.07163978 0.6233859 1.160576 0.258955 1.162075 
time_beta 175.989 
loglikelihood= -1292.352 
Iteration= 132 
gamma= -5.650984 -2.717912 -2.787774 -3.617771 -6.412911 -2.523094 
time_gamma 72.545 
beta= -0.06988345 -0.415351 0.02036565 0.1097302 0.2939508 -0.002654628 0.2056275 -0.1460799 0.1889869 0.07402696 0.6257563 1.162943 0.2589903 1.1621 
time_beta 176.611 
loglikelihood= -1292.346 
Iteration= 133 
gamma= -5.656992 -2.724263 -2.789766 -3.621681 -6.412646 -2.527564 
time_gamma 75.763 
beta= -0.06979658 -0.4152435 0.02040446 0.1097191 0.2939735 -0.002663383 0.2056469 -0.1457704 0.1892971 0.07638932 0.6281023 1.165285 0.2590252 1.162124 
time_beta 174.258 
loglikelihood= -1292.341 
Iteration= 134 
gamma= -5.662923 -2.730558 -2.791742 -3.625534 -6.412415 -2.531973 
time_gamma 53.88 
beta= -0.06971077 -0.4151375 0.02044275 0.1097081 0.2939961 -0.002671901 0.2056658 -0.1454646 0.1896036 0.07872718 0.6304243 1.167603 0.2590598 1.162148 
time_beta 120.486 
loglikelihood= -1292.336 
Iteration= 135 
gamma= -5.668778 -2.736798 -2.793703 -3.629331 -6.412219 -2.536322 
time_gamma 52.041 
beta= -0.069626 -0.4150329 0.02048052 0.1096972 0.2940184 -0.002680187 0.2056844 -0.1451625 0.1899063 0.08104086 0.6327225 1.169898 0.2590939 1.162171 
time_beta 123.196 
loglikelihood= -1292.331 
Iteration= 136 
gamma= -5.674557 -2.742983 -2.795649 -3.633073 -6.412055 -2.54061 
time_gamma 53.564 
beta= -0.06954226 -0.4149297 0.02051778 0.1096865 0.2940405 -0.002688248 0.2057027 -0.1448641 0.1902054 0.08333066 0.6349972 1.17217 0.2591277 1.162194 
time_beta 125.088 
loglikelihood= -1292.326 
Iteration= 137 
gamma= -5.680263 -2.749115 -2.79758 -3.63676 -6.411924 -2.544839 
time_gamma 54.349 
beta= -0.06945953 -0.4148278 0.02055454 0.1096759 0.2940624 -0.00269609 0.2057206 -0.1445693 0.1905009 0.08559689 0.6372488 1.174418 0.259161 1.162216 
time_beta 126.634 
loglikelihood= -1292.321 
Iteration= 138 
gamma= -5.685896 -2.755192 -2.799495 -3.640394 -6.411825 -2.549011 
time_gamma 54.6 
beta= -0.06937779 -0.4147273 0.02059081 0.1096655 0.294084 -0.002703721 0.2057382 -0.144278 0.1907929 0.08783984 0.6394774 1.176643 0.259194 1.162238 
time_beta 127.611 
loglikelihood= -1292.317 
Iteration= 139 
gamma= -5.691457 -2.761217 -2.801396 -3.643976 -6.411756 -2.553126 
time_gamma 52.949 
beta= -0.06929704 -0.4146281 0.02062659 0.1096552 0.2941054 -0.002711145 0.2057554 -0.1439902 0.1910814 0.09005982 0.6416835 1.178847 0.2592267 1.162259 
time_beta 125.062 
loglikelihood= -1292.312 
Iteration= 140 
gamma= -5.696947 -2.767189 -2.803282 -3.647506 -6.411716 -2.557185 
time_gamma 51.631 
beta= -0.06921726 -0.4145302 0.0206619 0.1096451 0.2941266 -0.00271837 0.2057723 -0.1437058 0.1913665 0.0922571 0.6438672 1.181027 0.2592589 1.162281 
time_beta 147.816 
loglikelihood= -1292.308 
Iteration= 141 
gamma= -5.702368 -2.773109 -2.805154 -3.650985 -6.411705 -2.561189 
time_gamma 76.331 
beta= -0.06913843 -0.4144335 0.02069675 0.1096351 0.2941476 -0.002725401 0.2057888 -0.1434248 0.1916482 0.09443198 0.6460288 1.183186 0.2592908 1.162301 
time_beta 173.151 
loglikelihood= -1292.304 
Iteration= 142 
gamma= -5.707719 -2.778977 -2.807011 -3.654415 -6.411721 -2.565138 
time_gamma 77.413 
beta= -0.06906054 -0.4143381 0.02073113 0.1096252 0.2941684 -0.002732243 0.2058051 -0.1431471 0.1919266 0.09658473 0.6481687 1.185323 0.2593223 1.162322 
time_beta 175.882 
loglikelihood= -1292.3 
Iteration= 143 
gamma= -5.713002 -2.784795 -2.808853 -3.657796 -6.411764 -2.569035 
time_gamma 76.493 
beta= -0.06898357 -0.414244 0.02076506 0.1096155 0.2941889 -0.002738902 0.205821 -0.1428727 0.1922016 0.09871563 0.650287 1.187439 0.2593535 1.162342 
time_beta 174.159 
loglikelihood= -1292.296 
Iteration= 144 
gamma= -5.718219 -2.790562 -2.810681 -3.661129 -6.411833 -2.57288 
time_gamma 77.295 
beta= -0.06890752 -0.414151 0.02079854 0.1096059 0.2942092 -0.002745382 0.2058366 -0.1426015 0.1924735 0.1008249 0.6523841 1.189534 0.2593844 1.162361 
time_beta 177.673 
loglikelihood= -1292.292 
Iteration= 145 
gamma= -5.723369 -2.796278 -2.812494 -3.664416 -6.411927 -2.576673 
time_gamma 75.433 
beta= -0.06883237 -0.4140592 0.02083159 0.1095964 0.2942293 -0.002751691 0.205852 -0.1423335 0.1927421 0.1029129 0.6544601 1.191607 0.2594148 1.16238 
time_beta 179.248 
loglikelihood= -1292.288 
Iteration= 146 
gamma= -5.728454 -2.801946 -2.814293 -3.667656 -6.412046 -2.580415 
time_gamma 74.679 
beta= -0.06875811 -0.4139686 0.0208642 0.109587 0.2942492 -0.002757831 0.205867 -0.1420686 0.1930077 0.1049799 0.6565154 1.19366 0.259445 1.162399 
time_beta 181.528 
loglikelihood= -1292.284 
Iteration= 147 
gamma= -5.733475 -2.807564 -2.816078 -3.67085 -6.412188 -2.584108 
time_gamma 77.358 
beta= -0.06868472 -0.4138791 0.02089639 0.1095778 0.2942689 -0.002763808 0.2058818 -0.1418068 0.1932701 0.107026 0.6585502 1.195692 0.2594748 1.162418 
time_beta 176.838 
loglikelihood= -1292.281 
Iteration= 148 
gamma= -5.738432 -2.813133 -2.817849 -3.674 -6.412352 -2.587753 
time_gamma 76.224 
beta= -0.06861219 -0.4137907 0.02092816 0.1095687 0.2942884 -0.002769627 0.2058962 -0.1415481 0.1935295 0.1090516 0.6605647 1.197705 0.2595042 1.162436 
time_beta 178.15 
loglikelihood= -1292.277 
Iteration= 149 
gamma= -5.743327 -2.818655 -2.819606 -3.677106 -6.412538 -2.591349 
time_gamma 76.512 
beta= -0.06854051 -0.4137035 0.02095952 0.1095597 0.2943076 -0.002775292 0.2059104 -0.1412924 0.1937858 0.1110569 0.6625592 1.199697 0.2595334 1.162454 
time_beta 180.882 
loglikelihood= -1292.274 
Iteration= 150 
gamma= -5.74816 -2.824129 -2.821349 -3.68017 -6.412745 -2.594898 
time_gamma 76.502 
beta= -0.06846967 -0.4136174 0.02099048 0.1095508 0.2943267 -0.002780807 0.2059244 -0.1410396 0.1940392 0.1130421 0.6645339 1.20167 0.2595622 1.162471 
time_beta 179.823 
loglikelihood= -1292.271 
Iteration= 151 
gamma= -5.752932 -2.829555 -2.823078 -3.683191 -6.412972 -2.598401 
time_gamma 75.026 
beta= -0.06839966 -0.4135323 0.02102104 0.109542 0.2943455 -0.002786177 0.205938 -0.1407897 0.1942897 0.1150075 0.666489 1.203623 0.2595907 1.162488 
time_beta 176.398 
loglikelihood= -1292.267 
Iteration= 152 
gamma= -5.757644 -2.834935 -2.824793 -3.68617 -6.413218 -2.601858 
time_gamma 76.007 
beta= -0.06833046 -0.4134483 0.02105121 0.1095334 0.2943642 -0.002791407 0.2059515 -0.1405427 0.1945373 0.1169534 0.6684248 1.205557 0.2596188 1.162505 
time_beta 183.167 
loglikelihood= -1292.264 
Iteration= 153 
gamma= -5.762297 -2.840269 -2.826495 -3.689109 -6.413483 -2.605271 
time_gamma 75.643 
beta= -0.06826206 -0.4133653 0.02108099 0.1095249 0.2943826 -0.002796499 0.2059646 -0.1402986 0.194782 0.1188799 0.6703416 1.207472 0.2596467 1.162521 
time_beta 174.878 
loglikelihood= -1292.261 
Iteration= 154 
gamma= -5.766891 -2.845557 -2.828183 -3.692009 -6.413766 -2.60864 
time_gamma 74.957 
beta= -0.06819445 -0.4132833 0.0211104 0.1095164 0.2944008 -0.002801458 0.2059775 -0.1400572 0.195024 0.1207872 0.6722394 1.209368 0.2596742 1.162538 
time_beta 175.028 
loglikelihood= -1292.258 
Iteration= 155 
gamma= -5.771427 -2.8508 -2.829857 -3.694868 -6.414067 -2.611965 
time_gamma 76.38 
beta= -0.06812763 -0.4132024 0.02113943 0.1095081 0.2944189 -0.002806288 0.2059902 -0.1398186 0.1952632 0.1226757 0.6741186 1.211245 0.2597015 1.162553 
time_beta 176.437 
loglikelihood= -1292.256 
Iteration= 156 
gamma= -5.775907 -2.855998 -2.831518 -3.69769 -6.414383 -2.615248 
time_gamma 76.046 
beta= -0.06806157 -0.4131224 0.0211681 0.1094999 0.2944367 -0.002810992 0.2060027 -0.1395827 0.1954996 0.1245455 0.6759793 1.213104 0.2597284 1.162569 
time_beta 174.669 
loglikelihood= -1292.253 
Iteration= 157 
gamma= -5.78033 -2.861151 -2.833166 -3.700473 -6.414716 -2.618489 
time_gamma 77.799 
beta= -0.06799627 -0.4130434 0.0211964 0.1094918 0.2944544 -0.002815573 0.2060149 -0.1393495 0.1957334 0.1263969 0.6778218 1.214945 0.2597551 1.162584 
time_beta 175.707 
loglikelihood= -1292.25 
Iteration= 158 
gamma= -5.784698 -2.866261 -2.8348 -3.70322 -6.415064 -2.621689 
time_gamma 76.62 
beta= -0.06793172 -0.4129654 0.02122435 0.1094838 0.2944718 -0.002820036 0.2060269 -0.1391189 0.1959646 0.1282301 0.6796463 1.216768 0.2597814 1.162599 
time_beta 170.648 
loglikelihood= -1292.248 
Iteration= 159 
gamma= -5.789011 -2.871327 -2.836421 -3.70593 -6.415427 -2.624849 
time_gamma 75.871 
beta= -0.06786791 -0.4128883 0.02125195 0.1094759 0.2944891 -0.002824383 0.2060387 -0.1388909 0.1961931 0.1300452 0.681453 1.218573 0.2598075 1.162614 
time_beta 177.366 
loglikelihood= -1292.245 
Iteration= 160 
gamma= -5.79327 -2.87635 -2.83803 -3.708604 -6.415804 -2.627968 
time_gamma 73.92 
beta= -0.06780482 -0.4128121 0.02127921 0.1094681 0.2945062 -0.002828619 0.2060502 -0.1386655 0.196419 0.1318425 0.683242 1.220361 0.2598332 1.162629 
time_beta 173.721 
loglikelihood= -1292.243 
Iteration= 161 
gamma= -5.797475 -2.88133 -2.839625 -3.711243 -6.416194 -2.631049 
time_gamma 74.18 
beta= -0.06774246 -0.4127369 0.02130612 0.1094604 0.2945231 -0.002832744 0.2060616 -0.1384426 0.1966424 0.1336222 0.6850137 1.222131 0.2598587 1.162643 
time_beta 176.15 
loglikelihood= -1292.24 
Iteration= 162 
gamma= -5.801628 -2.886268 -2.841207 -3.713847 -6.416597 -2.634092 
time_gamma 75.993 
beta= -0.0676808 -0.4126625 0.02133271 0.1094528 0.2945398 -0.002836764 0.2060727 -0.1382222 0.1968634 0.1353845 0.6867681 1.223884 0.2598839 1.162657 
time_beta 175.366 
loglikelihood= -1292.238 
Iteration= 163 
gamma= -5.805729 -2.891165 -2.842776 -3.716417 -6.417012 -2.637096 
time_gamma 73.705 
beta= -0.06761983 -0.4125891 0.02135896 0.1094453 0.2945563 -0.002840681 0.2060837 -0.1380042 0.1970818 0.1371296 0.6885055 1.22562 0.2599088 1.162671 
time_beta 175.49 
loglikelihood= -1292.236 
Iteration= 164 
gamma= -5.809778 -2.89602 -2.844333 -3.718955 -6.417439 -2.640064 
time_gamma 74.813 
beta= -0.06755956 -0.4125165 0.02138489 0.1094379 0.2945727 -0.002844498 0.2060944 -0.1377887 0.1972978 0.1388577 0.6902261 1.227339 0.2599335 1.162684 
time_beta 173.657 
loglikelihood= -1292.234 
Iteration= 165 
gamma= -5.813776 -2.900834 -2.845876 -3.721459 -6.417877 -2.642995 
time_gamma 72.948 
beta= -0.06749996 -0.4124447 0.02141051 0.1094306 0.2945889 -0.002848217 0.206105 -0.1375756 0.1975114 0.140569 0.6919301 1.229042 0.2599579 1.162697 
time_beta 173.244 
loglikelihood= -1292.232 
Iteration= 166 
gamma= -5.817725 -2.905607 -2.847408 -3.723931 -6.418325 -2.64589 
time_gamma 72.147 
beta= -0.06744104 -0.4123739 0.02143581 0.1094233 0.2946049 -0.002851842 0.2061154 -0.1373648 0.1977227 0.1422637 0.6936176 1.230728 0.259982 1.16271 
time_beta 171.812 
loglikelihood= -1292.23 
Iteration= 167 
gamma= -5.821623 -2.910341 -2.848926 -3.726372 -6.418784 -2.64875 
time_gamma 74.714 
beta= -0.06738277 -0.4123038 0.0214608 0.1094162 0.2946207 -0.002855375 0.2061256 -0.1371564 0.1979315 0.1439419 0.6952888 1.232399 0.2600058 1.162723 
time_beta 172.368 
loglikelihood= -1292.228 
Iteration= 168 
gamma= -5.825473 -2.915035 -2.850432 -3.728782 -6.419252 -2.651575 
time_gamma 73.84 
beta= -0.06732516 -0.4122346 0.02148549 0.1094092 0.2946364 -0.002858819 0.2061356 -0.1369502 0.1981381 0.145604 0.696944 1.234053 0.2600294 1.162736 
time_beta 176.543 
loglikelihood= -1292.226 
Iteration= 169 
gamma= -5.829274 -2.91969 -2.851926 -3.731161 -6.419729 -2.654366 
time_gamma 72.066 
beta= -0.06726819 -0.4121662 0.02150989 0.1094022 0.2946518 -0.002862176 0.2061455 -0.1367464 0.1983425 0.1472499 0.6985833 1.235691 0.2600528 1.162748 
time_beta 173.035 
loglikelihood= -1292.224 
Iteration= 170 
gamma= -5.833027 -2.924305 -2.853408 -3.73351 -6.420214 -2.657124 
time_gamma 75.301 
beta= -0.06721185 -0.4120986 0.02153398 0.1093953 0.2946672 -0.002865449 0.2061551 -0.1365447 0.1985445 0.14888 0.7002068 1.237313 0.2600759 1.16276 
time_beta 175.503 
loglikelihood= -1292.222 
Iteration= 171 
gamma= -5.836734 -2.928883 -2.854877 -3.73583 -6.420708 -2.659848 
time_gamma 74.814 
beta= -0.06715614 -0.4120318 0.02155779 0.1093885 0.2946823 -0.002868639 0.2061647 -0.1363453 0.1987444 0.1504943 0.7018148 1.238921 0.2600987 1.162772 
time_beta 180.547 
loglikelihood= -1292.221 
Iteration= 172 
gamma= -5.840393 -2.933422 -2.856334 -3.738121 -6.421209 -2.66254 
time_gamma 76.173 
beta= -0.06710105 -0.4119657 0.02158132 0.1093818 0.2946973 -0.002871749 0.206174 -0.136148 0.1989421 0.1520931 0.7034074 1.240512 0.2601213 1.162784 
time_beta 175.934 
loglikelihood= -1292.219 
Iteration= 173 
gamma= -5.844007 -2.937924 -2.857779 -3.740384 -6.421718 -2.665201 
time_gamma 77.329 
beta= -0.06704656 -0.4119004 0.02160456 0.1093752 0.2947122 -0.002874782 0.2061832 -0.1359529 0.1991376 0.1536766 0.7049847 1.242089 0.2601437 1.162795 
time_beta 178.392 
loglikelihood= -1292.217 
Iteration= 174 
gamma= -5.847575 -2.942388 -2.859212 -3.742619 -6.422233 -2.667829 
time_gamma 75.676 
beta= -0.06699268 -0.4118359 0.02162752 0.1093686 0.2947268 -0.002877739 0.2061922 -0.1357599 0.199331 0.1552449 0.7065471 1.24365 0.2601658 1.162807 
time_beta 177.459 
loglikelihood= -1292.216 
Iteration= 175 
gamma= -5.851099 -2.946815 -2.860634 -3.744826 -6.422754 -2.670427 
time_gamma 60.447 
beta= -0.06693939 -0.4117721 0.02165022 0.1093621 0.2947414 -0.002880623 0.2062011 -0.135569 0.1995223 0.1567982 0.7080945 1.245197 0.2601876 1.162818 
time_beta 119.74 
loglikelihood= -1292.214 
Iteration= 176 
gamma= -5.854578 -2.951205 -2.862043 -3.747007 -6.423282 -2.672994 
time_gamma 49.729 
beta= -0.06688668 -0.411709 0.02167264 0.1093558 0.2947557 -0.002883435 0.2062099 -0.1353802 0.1997115 0.1583366 0.7096273 1.246729 0.2602093 1.162829 
time_beta 120.763 
loglikelihood= -1292.213 
Iteration= 177 
gamma= -5.858013 -2.95556 -2.863441 -3.749161 -6.423815 -2.675532 
time_gamma 51.754 
beta= -0.06683455 -0.4116467 0.0216948 0.1093494 0.2947699 -0.002886178 0.2062185 -0.1351934 0.1998987 0.1598604 0.7111454 1.248246 0.2602307 1.16284 
time_beta 119.823 
loglikelihood= -1292.212 
Iteration= 178 
gamma= -5.861406 -2.959878 -2.864827 -3.751289 -6.424354 -2.67804 
time_gamma 51.351 
beta= -0.06678299 -0.411585 0.02171671 0.1093432 0.294784 -0.002888853 0.2062269 -0.1350086 0.2000838 0.1613696 0.7126492 1.249749 0.2602519 1.16285 
time_beta 118.989 
loglikelihood= -1292.21 
Iteration= 179 
gamma= -5.864755 -2.964161 -2.866201 -3.753391 -6.424897 -2.680519 
time_gamma 52.221 
beta= -0.066732 -0.4115241 0.02173835 0.109337 0.2947979 -0.002891462 0.2062353 -0.1348258 0.200267 0.1628645 0.7141387 1.251238 0.2602728 1.162861 
time_beta 122.167 
loglikelihood= -1292.209 
Iteration= 180 
gamma= -5.868062 -2.968409 -2.867564 -3.755469 -6.425445 -2.682969 
time_gamma 51.824 
beta= -0.06668155 -0.4114638 0.02175974 0.1093309 0.2948117 -0.002894007 0.2062435 -0.134645 0.2004482 0.1643451 0.7156142 1.252713 0.2602935 1.162871 
time_beta 119.609 
loglikelihood= -1292.208 
Iteration= 181 
gamma= -5.871328 -2.972621 -2.868916 -3.757521 -6.425997 -2.685392 
time_gamma 52.059 
beta= -0.06663166 -0.4114043 0.02178088 0.1093249 0.2948253 -0.002896491 0.2062515 -0.1344661 0.2006275 0.1658117 0.7170757 1.254174 0.2603141 1.162881 
time_beta 120.795 
loglikelihood= -1292.207 
Iteration= 182 
gamma= -5.874552 -2.9768 -2.870256 -3.75955 -6.426553 -2.687786 
time_gamma 54.429 
beta= -0.0665823 -0.4113454 0.02180178 0.109319 0.2948388 -0.002898913 0.2062595 -0.1342891 0.2008048 0.1672644 0.7185234 1.255621 0.2603344 1.162891 
time_beta 182.724 
loglikelihood= -1292.206 
Iteration= 183 
gamma= -5.877736 -2.980944 -2.871585 -3.761554 -6.427112 -2.690154 
time_gamma 78.316 
beta= -0.06653348 -0.4112871 0.02182244 0.1093131 0.2948521 -0.002901277 0.2062673 -0.1341139 0.2009803 0.1687034 0.7199574 1.257055 0.2603544 1.162901 
time_beta 178.338 
loglikelihood= -1292.205 
Iteration= 184 
gamma= -5.880879 -2.985055 -2.872903 -3.763535 -6.427675 -2.692495 
time_gamma 96.002 
beta= -0.06648519 -0.4112296 0.02184286 0.1093073 0.2948653 -0.002903584 0.206275 -0.1339407 0.2011539 0.1701287 0.721378 1.258475 0.2603743 1.16291 
time_beta 122.812 
loglikelihood= -1292.204 
Iteration= 185 
gamma= -5.883982 -2.989132 -2.87421 -3.765493 -6.42824 -2.694809 
time_gamma 52.176 
beta= -0.06643741 -0.4111726 0.02186304 0.1093015 0.2948784 -0.002905835 0.2062825 -0.1337692 0.2013256 0.1715406 0.7227852 1.259882 0.260394 1.16292 
time_beta 117.473 
loglikelihood= -1292.203 
Iteration= 186 
gamma= -5.887047 -2.993176 -2.875506 -3.767428 -6.428808 -2.697098 
time_gamma 50.131 
beta= -0.06639015 -0.4111163 0.021883 0.1092959 0.2948913 -0.002908033 0.20629 -0.1335996 0.2014955 0.1729392 0.7241792 1.261275 0.2604134 1.162929 
time_beta 116.79 
loglikelihood= -1292.202 
Iteration= 187 
gamma= -5.890072 -2.997187 -2.876791 -3.769342 -6.429378 -2.699361 
time_gamma 51.105 
beta= -0.06634339 -0.4110606 0.02190272 0.1092903 0.2949041 -0.002910177 0.2062973 -0.1334318 0.2016637 0.1743246 0.7255602 1.262656 0.2604327 1.162938 
time_beta 119.058 
loglikelihood= -1292.201 
Iteration= 188 
gamma= -5.893059 -3.001165 -2.878065 -3.771233 -6.42995 -2.701599 
time_gamma 51.075 
beta= -0.06629713 -0.4110056 0.02192223 0.1092847 0.2949167 -0.00291227 0.2063045 -0.1332657 0.20183 0.175697 0.7269282 1.264023 0.2604517 1.162947 
time_beta 119.53 
loglikelihood= -1292.2 
Iteration= 189 
gamma= -5.896007 -3.005112 -2.879328 -3.773102 -6.430524 -2.703813 
time_gamma 51.54 
beta= -0.06625137 -0.4109511 0.02194151 0.1092792 0.2949293 -0.002914314 0.2063117 -0.1331014 0.2019947 0.1770565 0.7282834 1.265378 0.2604706 1.162956 
time_beta 117.096 
loglikelihood= -1292.199 
Iteration= 190 
gamma= -5.898919 -3.009027 -2.880581 -3.774951 -6.4311 -2.706001 
time_gamma 52.331 
beta= -0.06620609 -0.4108972 0.02196057 0.1092738 0.2949417 -0.002916309 0.2063187 -0.1329388 0.2021575 0.1784033 0.7296259 1.26672 0.2604892 1.162965 
time_beta 119.497 
loglikelihood= -1292.199 
Iteration= 191 
gamma= -5.901793 -3.01291 -2.881823 -3.776778 -6.431676 -2.708166 
time_gamma 51.416 
beta= -0.06616129 -0.410844 0.02197942 0.1092685 0.2949539 -0.002918257 0.2063256 -0.1327779 0.2023187 0.1797374 0.730956 1.26805 0.2605077 1.162974 
time_beta 139.97 
loglikelihood= -1292.198 
Iteration= 192 
gamma= -5.904631 -3.016762 -2.883054 -3.778585 -6.432254 -2.710308 
time_gamma 75.856 
beta= -0.06611697 -0.4107913 0.02199806 0.1092632 0.2949661 -0.002920159 0.2063324 -0.1326187 0.2024782 0.181059 0.7322736 1.269367 0.2605259 1.162982 
time_beta 173.629 
loglikelihood= -1292.197 
Iteration= 193 
gamma= -5.907432 -3.020583 -2.884275 -3.780372 -6.432832 -2.712426 
time_gamma 74.382 
beta= -0.06607312 -0.4107392 0.02201648 0.1092579 0.2949781 -0.002922016 0.2063391 -0.1324612 0.2026361 0.1823684 0.7335789 1.270673 0.260544 1.162991 
time_beta 175.21 
loglikelihood= -1292.197 
Iteration= 194 
gamma= -5.910198 -3.024373 -2.885486 -3.782139 -6.433411 -2.714521 
time_gamma 74.016 
beta= -0.06602973 -0.4106876 0.02203471 0.1092528 0.29499 -0.00292383 0.2063457 -0.1323052 0.2027922 0.1836654 0.7348722 1.271966 0.2605619 1.162999 
time_beta 175.009 
loglikelihood= -1292.196 
Iteration= 195 
gamma= -5.912928 -3.028133 -2.886686 -3.783886 -6.43399 -2.716593 
time_gamma 72.607 
beta= -0.06598679 -0.4106367 0.02205273 0.1092476 0.2950018 -0.002925602 0.2063523 -0.1321509 0.2029468 0.1849504 0.7361534 1.273247 0.2605796 1.163007 
time_beta 176.518 
loglikelihood= -1292.196 
Iteration= 196 
gamma= -5.915623 -3.031863 -2.887876 -3.785614 -6.43457 -2.718644 
time_gamma 75.45 
beta= -0.06594431 -0.4105862 0.02207055 0.1092426 0.2950135 -0.002927333 0.2063587 -0.1319982 0.2030998 0.1862235 0.7374227 1.274516 0.2605971 1.163015 
time_beta 174.532 
loglikelihood= -1292.195 
Iteration= 197 
gamma= -5.918284 -3.035563 -2.889056 -3.787324 -6.435149 -2.720672 
time_gamma 77.779 
beta= -0.06590227 -0.4105364 0.02208817 0.1092376 0.295025 -0.002929023 0.206365 -0.1318471 0.2032512 0.1874847 0.7386803 1.275773 0.2606145 1.163023 
time_beta 179.833 
loglikelihood= -1292.195 
Iteration= 198 
gamma= -5.920911 -3.039234 -2.890226 -3.789014 -6.435728 -2.722679 
time_gamma 66.903 
beta= -0.06586067 -0.410487 0.0221056 0.1092326 0.2950364 -0.002930675 0.2063713 -0.1316975 0.203401 0.1887341 0.7399262 1.277019 0.2606316 1.163031 
time_beta 117.899 
loglikelihood= -1292.194 
Iteration= 199 
gamma= -5.923504 -3.042876 -2.891386 -3.790687 -6.436306 -2.724665 
time_gamma 51.299 
beta= -0.06581951 -0.4104382 0.02212284 0.1092278 0.2950478 -0.002932289 0.2063775 -0.1315495 0.2035493 0.189972 0.7411606 1.278253 0.2606486 1.163039 
time_beta 118.868 
loglikelihood= -1292.194 
Iteration= 200 
gamma= -5.926063 -3.046489 -2.892536 -3.792341 -6.436884 -2.726629 
time_gamma 50.926 
beta= -0.06577877 -0.4103899 0.02213989 0.1092229 0.295059 -0.002933866 0.2063835 -0.131403 0.203696 0.1911984 0.7423836 1.279476 0.2606655 1.163046 
time_beta 118.724 
loglikelihood= -1292.193 
Iteration= 201 
gamma= -5.928589 -3.050073 -2.893676 -3.793978 -6.437461 -2.728573 
time_gamma 51.672 
beta= -0.06573846 -0.4103421 0.02215675 0.1092181 0.2950701 -0.002935407 0.2063895 -0.131258 0.2038413 0.1924135 0.7435953 1.280688 0.2606821 1.163054 
time_beta 119.125 
loglikelihood= -1292.193 
Iteration= 202 
gamma= -5.931083 -3.053629 -2.894806 -3.795597 -6.438038 -2.730497 
time_gamma 52.415 
beta= -0.06569857 -0.4102949 0.02217343 0.1092134 0.295081 -0.002936913 0.2063955 -0.1311145 0.203985 0.1936173 0.7447959 1.281888 0.2606986 1.163061 
time_beta 118.297 
loglikelihood= -1292.193 
Iteration= 203 
gamma= -5.933545 -3.057156 -2.895927 -3.797198 -6.438613 -2.7324 
time_gamma 50.611 
beta= -0.06565909 -0.4102481 0.02218992 0.1092088 0.2950919 -0.002938385 0.2064013 -0.1309724 0.2041273 0.19481 0.7459854 1.283078 0.2607149 1.163069 
time_beta 121.147 
loglikelihood= -1292.192 
Iteration= 204 
gamma= -5.935975 -3.060656 -2.897038 -3.798783 -6.439187 -2.734284 
time_gamma 52.122 
beta= -0.06562002 -0.4102019 0.02220624 0.1092041 0.2951027 -0.002939824 0.2064071 -0.1308318 0.2042682 0.1959917 0.747164 1.284256 0.260731 1.163076 
time_beta 119.227 
loglikelihood= -1292.192 
Iteration= 205 
gamma= -5.938374 -3.064128 -2.89814 -3.800351 -6.43976 -2.736148 
time_gamma 64.341 
beta= -0.06558135 -0.4101561 0.02222239 0.1091996 0.2951133 -0.00294123 0.2064128 -0.1306926 0.2044076 0.1971625 0.7483317 1.285424 0.260747 1.163083 
time_beta 177.602 
loglikelihood= -1292.192 
Iteration= 206 
gamma= -5.940741 -3.067572 -2.899232 -3.801902 -6.440331 -2.737993 
time_gamma 75.858 
beta= -0.06554308 -0.4101108 0.02223835 0.109195 0.2951239 -0.002942605 0.2064184 -0.1305548 0.2045456 0.1983226 0.7494887 1.286581 0.2607628 1.16309 
time_beta 176.876 
loglikelihood= -1292.192 
Iteration= 207 
gamma= -5.943079 -3.07099 -2.900315 -3.803438 -6.440901 -2.739819 
time_gamma 75.003 
beta= -0.06550521 -0.410066 0.02225415 0.1091906 0.2951343 -0.002943949 0.2064239 -0.1304185 0.2046821 0.1994719 0.7506351 1.287727 0.2607785 1.163097 
time_beta 176.569 
loglikelihood= -1292.191 
Iteration= 208 
gamma= -5.945386 -3.07438 -2.901388 -3.804957 -6.44147 -2.741626 
time_gamma 77.092 
beta= -0.06546772 -0.4100217 0.02226978 0.1091862 0.2951447 -0.002945263 0.2064294 -0.1302835 0.2048174 0.2006107 0.7517711 1.288863 0.260794 1.163104 
time_beta 180.349 
loglikelihood= -1292.191 
Iteration= 209 
gamma= -5.947663 -3.077744 -2.902453 -3.80646 -6.442037 -2.743414 
time_gamma 75.525 
beta= -0.06543062 -0.4099778 0.02228523 0.1091818 0.2951549 -0.002946547 0.2064348 -0.1301499 0.2049512 0.2017391 0.7528966 1.289989 0.2608093 1.163111 
time_beta 181.009 
loglikelihood= -1292.191 
Iteration= 210 
gamma= -5.949911 -3.081082 -2.903508 -3.807947 -6.442602 -2.745184 
time_gamma 74.216 
beta= -0.06539389 -0.4099344 0.02230053 0.1091775 0.2951651 -0.002947803 0.2064401 -0.1300176 0.2050837 0.2028571 0.7540118 1.291104 0.2608245 1.163117 
time_beta 172.805 
loglikelihood= -1292.191 
Iteration= 211 
gamma= -5.952129 -3.084393 -2.904554 -3.809419 -6.443165 -2.746936 
time_gamma 76.362 
beta= -0.06535754 -0.4098915 0.02231566 0.1091732 0.2951751 -0.002949032 0.2064454 -0.1298866 0.2052148 0.2039649 0.7551169 1.29221 0.2608396 1.163124 
time_beta 174.502 
loglikelihood= -1292.191 
Iteration= 212 
gamma= -5.954319 -3.087678 -2.905591 -3.810876 -6.443727 -2.748671 
time_gamma 73.842 
beta= -0.06532156 -0.409849 0.02233063 0.1091689 0.2951851 -0.002950233 0.2064506 -0.129757 0.2053447 0.2050626 0.7562119 1.293305 0.2608544 1.16313 
time_beta 174.631 
loglikelihood= -1292.191 
Iteration= 213 
gamma= -5.956481 -3.090937 -2.906619 -3.812318 -6.444286 -2.750387 
time_gamma 77.372 
beta= -0.06528595 -0.4098069 0.02234544 0.1091648 0.295195 -0.002951407 0.2064557 -0.1296287 0.2054732 0.2061502 0.7572969 1.29439 0.2608692 1.163137 
time_beta 177.548 
loglikelihood= -1292.191 
Iteration= 214 
gamma= -5.958615 -3.094171 -2.907639 -3.813745 -6.444844 -2.752087 
time_gamma 76.816 
beta= -0.0652507 -0.4097653 0.0223601 0.1091606 0.2952047 -0.002952556 0.2064608 -0.1295016 0.2056004 0.2072279 0.758372 1.295465 0.2608838 1.163143 
time_beta 170.664 
loglikelihood= -1292.191 
Iteration= 215 
gamma= -5.960721 -3.097379 -2.908649 -3.815157 -6.445399 -2.753769 
time_gamma 78.561 
beta= -0.06521581 -0.4097241 0.0223746 0.1091565 0.2952144 -0.00295368 0.2064658 -0.1293759 0.2057264 0.2082957 0.7594373 1.29653 0.2608982 1.16315 
time_beta 178.001 
loglikelihood= -1292.191 
